       21   -76.589       
102 44.3382 69.0107 -103.429 -118.035 -110.496 -22.826 -55.356 -5.78204 17.016 9.84959 54.4439 5.84274 47.7246 -89.0353 -64.9081 -94.0502 -120.509 16.7094 -118.897 -78.0572 
-112.854 28.8605 -15.1543 -9.72923 23.8003 4.51721 -34.5661 -51.3385 -14.4901 -67.0355 -6.92744 -49.1519 -77.0248 10.6432 -46.1865 -66.5204 -91.1828 19.4575 48.6976 46.8332 -49.6929 
24.1415 -26.3241 -80.9683 56.1062 29.7678 -54.0185 56.5972 -32.5228 -51.9159 -100.46 -24.3766 -102.055 5.38573 -113.106 42.7449 -69.097 -26.672 -87.5935 37.4129 27.2926 26.479 
-90.739 71.2678 -41.8778 -15.9255 -74.2526 -12.0605 -75.468 -104.555 -44.2273 -4.16095 40.5864 50.4486 35.8708 17.6926 1.21642 -97.1477 -4.71018 -110.306 -28.0637 15.8298 -13.6831 
-9.1191 -57.7844 -5.78892 -45.3742 -5.88147 -111.461 -11.9677 -47.4686 36.8317 -64.4886 -17.2075 29.0995 14.6336 -112.133 75.8469 -76.4269 -66.601 -107.708 0.345711 50.238 53.8783 
-28.2057 7.10876 -7.42908 -105.989 30.961 -91.1393 -95.2957 -76.1027 45.6906 12.0212 35.7782 -91.0938 -72.7677 -88.5959 24.0247 -63.2285 20.4364 -102.444 -105.397 76.9477 1.34857 
44.7027 12.5813 10.2155 41.5496 57.1544 64.6145 54.8415 -21.4999 35.8525 29.7198 71.2944 -36.0387 -56.7093 -113.695 -84.0777 -26.8486 -87.9906 -39.1804 -60.158 45.0306 -82.4021 
-30.2519 -106.737 -49.9981 -85.2272 -48.9656 -108.562 -66.6711 -33.3624 -110.614 55.6775 -67.6597 22.9674 -13.1069 -105.11 1.12181 -27.4924 70.7313 -99.3781 -70.6399 21.4511 -107.084 
14.3214 -114.258 -99.7786 51.2437 -20.1068 -66.7692 -66.9367 40.7352 -100.739 -28.3388 -68.5167 -86.4756 42.6631 -32.7439 -14.4412 55.1014 21.5851 73.1964 65.4875 -1.73743 -73.4633 
9.45494 -93.8444 -57.5735 -68.4232 -0.3368 -65.8422 -46.8013 50.0233 76.6089 -32.885 -14.6553 -116.649 -11.6637 -42.4117 -15.7561 42.5671 11.6516 -54.0209 62.8286 -95.6872 -1.53761 
-102.647 67.9759 -113.281 3.91176 44.0773 29.3036 -1.89182 30.5648 -51.4338 45.6449 -38.9802 -24.2782 -90.9286 13.5966 -103.615 -35.7708 -112.205 67.4083 -38.1619 -24.0898 -26.247 
-33.8112 -114.753 52.3413 71.4327 48.8136 -15.0071 -61.5882 32.6422 10.3056 57.8741 50.9951 -0.718483 65.5927 -24.0931 -35.6412 15.8963 -104.985 -84.0763 -114.538 61.6599 -2.05651 
-17.8157 -108.269 -67.4599 -0.430679 -23.0395 -58.6647 -12.0223 59.7986 38.2454 -117.269 -53.0126 44.492 56.0719 -60.5799 14.3056 -37.9352 -1.16814 -32.0522 -106.63 -22.294 -60.0571 
13.6519 -35.7013 36.8498 -100.989 -98.805 52.8649 -64.0655 -92.3425 35.5248 54.878 10.8418 48.2561 -91.582 -68.5889 -53.7834 -29.2467 40.3887 -72.9848 -70.0013 44.1194 -4.99737 
-104.509 21.1913 55.4227 30.7963 -95.7439 -24.7454 -80.2559 -81.3735 73.9606 -19.313 53.2785 -40.7407 -61.4632 73.2893 -18.5457 -87.5983 -69.7763 10.1118 68.9265 -93.8983 -58.0465 
38.1826 -64.4803 -5.63537 -94.6008 27.273 -44.2466 -46.5856 78.2718 -79.1272 69.417 -105.238 63.064 45.8398 46.5588 -111.68 -57.9056 -112.697 -72.0534 -62.945 -11.0102 -97.7749 
17.3143 48.5266 -103.486 -80.2314 -118.072 -52.2619 50.8804 71.8548 -25.1602 -86.1661 31.0374 31.3595 29.1985 57.4366 -20.3675 -94.0481 -68.149 -21.0957 -52.1753 -77.732 -5.33323 
-68.1113 -110.892 -37.7745 -58.7912 -47.7978 -29.4716 -9.84454 10.2571 -119.482 13.3805 -51.4286 50.0448 30.8949 -10.66 52.9732 -100.367 -38.7796 45.828 -4.52727 -3.94576 -2.13467 
-52.1678 -53.7472 -23.6981 48.4648 -26.7953 29.1528 -51.6309 42.0293 72.4209 64.0359 -105.082 -117.471 -52.7386 -42.8731 -44.2692 38.7898 68.2823 -113.012 40.308 2.66288 -43.4406 
11.3529 -45.4422 66.8994 -14.674 -24.8093 -50.8802 -47.846 -108.337 66.174 71.0193 -39.5043 -66.5732 -31.6788 -70.0395 27.6314 -81.526 -0.670418 -9.33925 -88.1051 -15.6346 6.5788 
-84.5765 52.6268 -115.294 -7.84566 12.4166 73.988 0.142303 -26.2754 -2.34911 77.7017 -93.9225 73.2087 65.6011 12.4035 -30.6006 -64.2792 -114.443 -17.9372 -77.1052 77.5767 63.5586 
