25
7.35733 -70.8113 40.0165 -109.259 -64.7399 13.4625 -4.84793 -81.043 -97.6699 -2.08428 -70.6313 25.066 39.968 9.18037 -97.5364 -83.8534 29.8234 -38.1952 -111.41 -47.3395 48.7207 -119.012 -74.3098 36.7419 29.8866 
-39.3908 -107.769 69.7901 -64.3635 -93.3163 -78.7398 67.9938 -39.1276 -113.723 -116.265 21.1325 24.7393 3.88673 65.0895 52.0694 -73.1975 -80.5418 2.13538 -108.23 53.6385 29.599 -67.083 8.46194 -83.5963 -53.4933 
-113.878 -109.876 -47.5054 -63.1873 51.8664 -92.6188 22.4219 69.0974 -97.8287 -116.942 -99.219 -51.5685 -123.948 -13.3466 -40.2917 -115.213 -67.2141 -90.5524 13.6736 -77.1246 -113.483 65.476 -32.6665 13.6523 -117.754 
-54.0279 -31.7487 -59.8366 -120.566 9.65495 11.6702 -109.444 24.7794 -110.835 -47.6309 1.64575 -78.4541 -100.209 -4.25689 -51.2828 -92.1507 21.5241 22.1488 -91.0985 -66.8225 -93.1429 -81.3117 -9.03664 -58.6954 57.3619 
38.8387 -47.1784 47.8379 -68.8278 -108.526 55.0844 2.14428 -15.2749 -79.7522 6.57828 -80.6199 56.9179 22.1347 69.1594 71.0826 -100.496 -4.19481 -82.3714 -75.7053 -83.4517 -8.65417 -42.856 63.0724 -61.5054 -8.95451 
-78.7501 -29.6483 34.7338 37.2133 36.6563 17.0957 1.05199 -85.5221 -10.0664 57.2242 -69.0483 -29.982 -15.6315 40.6768 15.2657 -84.0532 -114.943 -2.81635 63.0815 -120.784 -6.7337 -112.415 0.0215149 35.8949 -63.12 
41.5698 -47.7593 19.024 29.6422 15.7353 -64.9305 -124.108 -88.913 -105.197 38.1054 72.7433 36.8989 -35.8426 -87.7789 -48.1674 -53.6184 -31.8271 46.8505 55.7501 -66.1503 -12.8837 -103.303 -56.0934 -90.7001 -115.222 
-51.8771 27.5662 -102.636 73.1444 -11.5389 -40.7564 39.7142 65.7018 -96.7325 -5.64355 6.43706 -36.663 -4.7514 42.524 -16.8598 -41.646 40.2673 -54.9608 47.5114 -122.512 21.8717 -81.1069 -29.3387 -6.27774 -100.357 
29.511 -94.1615 -78.6599 -101.582 -59.8616 -68.8815 -28.4596 -107.295 -46.5179 -30.3152 6.16568 37.7256 -65.601 -3.13256 65.9932 53.7555 -71.6955 -45.6698 -25.9959 -104.171 62.4704 57.3581 61.0958 -67.4904 29.8696 
63.5842 -120.619 73.7627 -40.7545 -1.89644 -101.594 -86.2436 28.9421 -55.254 -62.8261 -105.92 0.864449 33.7144 -88.2149 -120.653 -71.6008 42.9508 42.0722 -12.2018 -35.1818 33.0654 -33.4463 18.1227 -87.6045 65.5578 
38.9512 -100.134 47.916 25.047 -42.6245 2.78558 13.6312 -38.2432 1.54826 -102.123 -115.14 24.9541 -63.3669 38.8024 -105.3 -1.19295 57.8829 20.5646 -42.4786 -105.332 24.9111 10.9206 62.6189 -8.01672 -76.2812 
-47.5629 -49.9513 15.2726 -104.44 -12.5558 5.83043 59.5111 12.3101 -21.2536 9.55811 -105.314 -93.468 -51.8107 -18.5576 33.0803 -28.934 -8.69722 -16.9656 32.6991 -44.8948 2.73453 -43.4938 -62.0118 -51.7009 39.0276 
-42.3438 -101.79 -25.0518 -54.7249 15.1935 23.667 22.7122 -109.758 -36.0604 43.272 2.68631 -105.23 27.7831 -60.0036 -1.48356 -37.6588 -40.318 30.0485 35.5305 66.1244 -11.8713 -68.4034 -17.5728 -103.837 -110.704 
62.5324 23.8977 -29.1981 -74.4794 -102.803 -65.1705 8.17685 -79.593 34.7776 -121.548 60.6005 -16.5553 26.1642 -124.157 72.3843 -5.56377 3.5289 -107.846 -52.7806 68.5253 15.6707 34.5606 -46.7927 -29.2808 -4.90884 
-55.6683 -116.152 51.6877 51.7589 -94.9889 65.9834 39.2914 53.9088 -38.2147 -110.188 -123.894 21.6148 22.9888 -78.4874 -18.6076 26.4408 -92.887 -110.163 -22.395 -92.0444 -112.779 -102.959 36.4845 -95.6243 -30.7394 
30.0099 45.0464 -71.1788 -91.7828 -59.2344 48.9123 -22.4511 -50.3865 25.6001 -45.6921 -20.3754 16.5835 -81.4007 -41.4666 -96.6312 -66.5887 -40.361 49.9836 -118.6 6.15154 -43.624 32.8409 38.2646 -28.7869 -64.5541 
71.2202 -16.5655 -42.5129 32.7047 12.8102 51.7477 -12.2854 -17.1435 -94.4312 20.9318 48.6221 -120.519 -76.5193 -76.7644 30.0812 2.7886 27.8602 -28.3353 46.3879 -88.6064 0.0335312 -95.2009 -3.9675 -24.9829 -88.8008 
-72.816 56.3932 69.0401 -109.551 -47.3937 -70.514 -113.331 61.0408 11.9731 44.3736 -1.14902 -11.2793 -42.9118 -93.2925 19.2895 -96.9801 -119.67 23.7706 -48.4993 -71.4348 -21.1482 -120.711 -118.575 -124.483 50.6771 
-82.1811 0.550095 -119.524 38.8514 -99.4328 -83.3245 -108.965 -118.04 -89.2844 -93.5159 -40.4333 -34.7985 -81.8471 -54.3925 -97.8254 -112.474 69.4585 15.8953 -30.3854 -98.834 -39.8152 -2.36546 -93.5044 -91.0446 74.1352 
-39.9392 12.8073 -121.576 -33.5138 13.3238 54.1016 9.30516 -61.1261 59.5779 -26.8434 -35.5589 -98.7467 -10.8079 -28.5985 -63.0311 20.6762 55.9683 27.1704 63.8291 -73.4242 54.345 -123.645 -78.9657 -4.75975 -29.0299 
-52.7997 -119.575 -106.395 -21.304 -85.6196 -107.26 63.7568 52.1877 -103.836 -44.7569 -9.48853 -124.734 -110.452 54.3854 59.8438 -12.2952 -56.1735 -113.903 -98.1031 40.228 -51.934 47.5731 21.1963 -99.7636 36.4021 
72.7721 -120.419 37.7576 -81.1936 -0.178322 -66.2723 -8.99327 5.24669 -47.6677 -105.297 44.6271 -29.9278 -116.54 21.8148 -8.76347 -36.2974 -62.6738 -8.49751 -21.7492 -83.2884 -23.6537 -109.044 -14.4619 -12.5565 -82.1474 
-49.2339 60.5095 -109.574 -103.038 -114.254 51.8278 -105.265 -109.673 14.5855 -61.4591 15.149 73.3132 54.5477 -54.6043 -49.3545 74.2504 -84.9772 45.7177 -117.29 61.8375 -38.0457 -28.5875 -75.8362 -121.543 74.6633 
-34.1246 -20.197 -109.381 -123.587 -107.754 -66.5284 -47.8204 -122.244 -51.1027 -25.858 -111.498 -74.2749 -6.12344 -96.1708 65.3106 57.4175 43.9782 63.6238 36.9651 -85.6261 -60.7307 36.2155 -45.6034 -90.013 43.9254 
-58.7658 -3.05875 -59.6621 -9.60204 0.397995 -59.9987 -118.727 -94.799 -44.3797 -117.313 -77.5525 14.0919 -40.1336 -74.7965 -112.011 59.0084 -61.2946 -61.2857 -22.115 -32.4655 -70.9751 -39.6975 -63.4873 -82.3513 -77.7324
